1 4
23 4
24 4
32 4
48 4
50 4
65 4
81 4
86 4
97 4
103 4
116 4
117 4
130 8
131 6
131 4
132 4
133 4
141 4
205 4
212 4
234 4
243 4
253 6
254 4
264 6
265 4
287 4
326 4
329 4
338 6
339 4
356 4
358 4
390 4
404 4
407 4
408 4
410 8
411 12
411 6
412 10
412 4
413 8
414 6
415 4
417 6
418 4
421 8
422 6
423 4
446 4
464 4
475 4
483 8
484 6
485 4
530 4
546 4
550 6
551 4
555 4
561 6
562 4
587 4
610 6
611 4
612 8
613 6
614 4
644 4
649 4
666 4
675 6
676 4
684 4
715 4
726 4
733 6
733 4
734 4
735 4
749 4
789 4
791 4
795 4
810 6
810 4
811 4
812 4
818 6
819 4
829 4
